Longitude:115.168640
Latitude:-8.719266